0 5, 4 4, 2 4, 2 4, 5 3, 2 4, 1 6, 2 4, 3 4, 1 6, 4 4, 2 4, 2 4, 5 3, 2 4, 2 4, 5 3, 3 4, 4 4, 5 3, 5 3, 5 3, 5 3, 5 3,
5 3, 5 3, 5 3, 4 4, 5 3, 5 3, 5 3, 5 3, 7 3, 5 3, 5 3, 5 3, 7 3, 5 3, 5 3, 5 3, 4 4, 5 3, 5 3, 5 3, 5 3, 5 3, 5 3, 5 3,
3 4, 5 3, 5 3, 5 3, 8 2, 5 3, 8 2, 5 3, 2 4, 5 3, 5 3, 5 3, 5 3, 5 3, 5 3, 8 2, 2 4, 1 6, 2 4, 2 4, 2 4, 2 4, 5 3, 8 2,
5 3, 8 2, 8 2, 8 2, 8 2, 8 2, 8 2, 8 2, 6 3, 4 4, 8 2, 8 2, 8 2, 8 2, 8 2, 9 4, 8 2, 8 2, 8 2, 8 2, 8 2, 8 2, 8 2, 9 4,
8 2, 8 2, 8 2, 8 2, 8 2, 8 2, 8 2, 9 4, 8 2, 8 2, 8 2, 8 2, 8 2, 8 2, 8 2, 9 4, 8 2, 8 2, 8 2, 8 2, 8 2, 8 2, 8 2, 9 4,
8 2, 8 2, 8 2, 8 2, 8 2, 8 2, 8 2, 9 4, 8 2, 8 2, 8 2, 1 6, 2 4, 2 4, 5 3, 9 4, 8 2, 8 2, 8 2, 8 2, 8 2, 8 2, 8 2, 9 4,
8 2, 8 2, 8 2, 8 2, 8 2, 8 2, 7 3, 9 4, 8 2, 8 2, 8 2, 8 2, 8 2, 8 2, 8 2, 9 4, 7 3, 7 3, 6 3, 10 4, 8 2, 8 2, 8 2, 10 4
, 8 2, 8 2, 8 2, 8 2, 8 2, 8 2, 8 2, 10 4, 8 2, 8 2, 8 2, 8 2, 8 2, 8 2, 8 2, 10 4, 8 2, 8 2, 8 2, 8 2, 8 2, 8 2, 8 2, 6
 3, 2 4, 9 4, 8 2, 8 2, 8 2, 1 6, 5 3, 8 2, 8 2, 8 2, 8 2, 8 2, 8 2, 8 2, 8 2, 10 4, 8 2, 8 2, 8 2, 8 2, 8 2, 8 2, 8 2,
10 4, 8 2, 8 2, 8 2, 8 2, 8 2, 8 2, 8 2, 10 4, 8 2, 8 2, 8 2, 8 2, 8 2, 8 2, 8 2, 10 4, 8 2, 8 2, 8 2, 8 2, 8 2, 8 2, 8
2, 10 4, 8 2, 8 2, 7 3, 7 3, 6 3, 9 4, 9 4, 2 4, 3 4, 1 6, 5 3, 3 4, 2 4, 3 4, 4 4, 5 3, 5 3, 5 3, 5 3, 2 4, 3 4, 5 3, 6
 3, 6 3, 4 4, 6 3, 7 3, 7 3, 7 3, 3 4, 6 3, 5 3, 3 4, 6 3, 6 3, 3 4, 7 3, 6 3, 6 3, 3 4, 3 4, 6 3, 4 4, 6 3, 5 3, 4 4, 0
 5, 6 3, 6 3, 5 3, 6 3, 8 2, 7 3, 7 3, 6 3, 7 3, 2 4, 7 3, 7 3, 5 3, 2 4, 7 3, 6 3, 7 3, 4 4, 8 2, 6 3, 5 3, 7 3, 7 3, 7
 3, 7 3, 9 4, 6 3, 8 2, 3 4, 3 4, 7 3, 3 4, 6 3, 3 4, 0 5, 4 4, 8 2, 6 3, 2 4, 9 4, 2 4, 6 3, 6 3, 6 3, 8 2, 9 4, 4 4, 3
 4, 8 2, 8 2, 2 4, 4 4, 5 3, 5 3, 3 4, 8 2, 9 4, 9 4, 9 4, 8 2, 8 2, 8 2, 9 4, 5 3, 8 2, 2 4, 5 3, 9 4, 3 4, 7 3, 4 4, 1
0 4, 2 4, 7 3, 7 3, 6 3, 7 3, 6 3, 5 3, 4 4, 8 2, 6 3, 8 2, 1 6, 6 3, 4 4, 3 4, 7 3, 8 2, 6 3, 4 4, 7 3, 7 3, 6 3, 2 4,
6 3, 6 3, 3 4, 5 3, 7 3, 7 3, 6 3, 9 4, 6 3, 9 4, 6 3, 8 2, 7 3, 2 4, 7 3, 9 4, 8 2, 8 2, 2 4, 3 4, 10 4, 7 3, 10 4, 5 3
, 6 3, 6 3, 7 3, 6 3, 1 6, 0 5, 7 3, 6 3, 6 3, 3 4, 7 3, 9 4, 7 3, 8 2, 8 2, 8 2, 7 3, 8 2, 6 3, 1 6, 6 3, 3 4, 8 2, 9 4
, 3 4, 9 4, 8 2, 8 2, 6 3, 9 4, 5 3, 6 3, 6 3, 10 4, 1 6, 2 4, 9 4, 6 3, 8 2, 2 4, 7 3, 4 4, 5 3, 7 3, 7 3, 8 2, 2 4, 6
3, 0 5, 8 2, 3 4, 6 3, 1 6, 0 5, 4 4, 6 3, 8 2, 6 3, 6 3, 6 3, 6 3, 7 3, 6 3, 4 4, 6 3, 3 4, 6 3, 6 3, 7 3, 8 2, 5 3, 0
5, 3 4, 3 4, 7 3, 2 4, 8 2, 8 2, 7 3, 5 3, 0 5, 4 4, 3 4, 4 4, 9 4, 6 3, 6 3, 5 3, 5 3, 2 4, 0 5, 5 3, 5 3, 5 3, 5 3, 6
3, 4 4, 6 3, 10 4, 1 6, 3 4, 0 5, 3 4, 5 3, 3 4, 5 3, 6 3, 6 3, 6 3, 3 4, 2 4, 6 3, 3 4, 5 3, 4 4, 6 3, 3 4, 5 3, 6 3, 5
 3, 8 2, 7 3, 4 4, 7 3, 6 3, 5 3, 7 3, 7 3, 2 4, 6 3, 6 3, 3 4, 5 3, 6 3, 5 3, 6 3, 3 4, 8 2, 4 4, 7 3, 6 3, 3 4, 2 4, 0
 5, 6 3, 5 3, 4 4, 6 3, 9 4, 4 4, 8 2, 5 3, 8 2, 6 3, 9 4, 6 3, 6 3, 6 3, 0 5, 9 4, 6 3, 8 2, 3 4, 9 4, 0 5, 5 3, 7 3, 5
 3, 9 4, 7 3, 7 3, 9 4, 7 3, 8 2, 6 3, 8 2, 8 2, 6 3, 8 2, 9 4, 4 4, 6 3, 4 4, 6 3, 8 2, 5 3, 8 2, 4 4, 4 4, 7 3, 9 4, 8
 2, 6 3, 7 3, 3 4, 8 2, 0 5, 5 3, 6 3, 7 3, 6 3, 4 4, 4 4, 0 5, 3 4, 6 3, 4 4, 4 4, 10 4, 5 3, 9 4, 4 4, 6 3, 1 6, 6 3,
6 3, 5 3, 7 3, 8 2, 9 4, 6 3, 8 2, 4 4, 7 3, 5 3, 4 4, 6 3, 0 5, 4 4, 10 4, 9 4, 6 3, 5 3, 6 3, 6 3, 5 3, 3 4, 6 3, 8 2,
 8 2, 6 3, 10 4, 0 5, 5 3, 6 3, 10 4, 7 3, 3 4, 6 3, 4 4, 6 3, 7 3, 7 3, 2 4, 6 3, 8 2, 5 3, 6 3, 6 3, 6 3, 6 3, 6 3, 6
3, 2 4, 7 3, 0 5, 6 3, 10 4, 6 3, 8 2, 6 3, 9 4, 9 4, 6 3, 6 3, 5 3, 7 3, 6 3, 8 2, 6 3, 10 4, 10 4, 7 3, 8 2, 5 3, 11 6
, 9 4, 6 3, 8 2, 5 3, 7 3, 4 4, 6 3,
